# name: debug
# type: sparse matrix
# nnz: 144
# rows: 12
# columns: 12

1 1 1180162.91
2 1 -211873.031
3 1 80613.8148
4 1 -82147.421
5 1 -133445.915
6 1 548175.027
7 1 -593762.689
8 1 130005.678
9 1 -41550.8453
10 1 52409.0136
11 1 35544.2611
12 1 -322643.641
1 2 -211873.031
2 2 1635986.76
3 2 -265290.98
4 2 405232.585
5 2 32860.7275
6 2 -878717.826
7 2 121107.416
8 2 -833154.412
9 2 117629.841
10 2 -216100.368
11 2 -26485.4897
12 2 550776.562
1 3 80613.8148
2 3 -265290.98
3 3 1045790.73
4 3 -546683.417
5 3 779387.985
6 3 49286.6935
7 3 -53182.8416
8 3 98005.3166
9 3 -549995.001
10 3 309026.716
11 3 -463914.162
12 3 -22320.7999
1 4 -82147.421
2 4 405232.585
3 4 -546683.417
4 4 2099674.89
5 4 50706.6627
6 4 -1874921.27
7 4 50369.6899
8 4 -144495.819
9 4 305986.982
10 4 -1726284.86
11 4 -114612.969
12 4 1790283.77
1 5 -133445.915
2 5 32860.7275
3 5 779387.985
4 5 50706.6627
5 5 1522701.35
6 5 -534525.537
7 5 17486.607
8 5 -19755.6207
9 5 -441130.439
10 5 -169391.703
11 5 -957364.267
12 5 530823.576
1 6 548175.027
2 6 -878717.826
3 6 49286.6935
4 6 -1874921.27
5 6 -534525.537
6 6 3094996.34
7 6 -297095.749
8 6 454941.688
9 6 -31521.9099
10 6 1775922.56
11 6 450598.548
12 6 -2761829.07
1 7 -593762.689
2 7 121107.416
3 7 -53182.8416
4 7 50369.6899
5 7 17486.607
6 7 -297095.749
7 7 1061900.85
8 7 -140424.424
9 7 124547.045
10 7 -108761.917
11 7 -84750.3276
12 7 436264.064
1 8 130005.678
2 8 -833154.412
3 8 98005.3166
4 8 -144495.819
5 8 -19755.6207
6 8 454941.688
7 8 -140424.424
8 8 1297638.28
9 8 -292471.693
10 8 374425.917
11 8 8383.7307
12 8 -605441.875
1 9 -41550.8453
2 9 117629.841
3 9 -549995.001
4 9 305986.982
5 9 -441130.439
6 9 -31521.9099
7 9 124547.045
8 9 -292471.693
9 9 946562.973
10 9 -474189.383
11 9 678615.357
12 9 100376.945
1 10 52409.0136
2 10 -216100.368
3 10 309026.716
4 10 -1726284.86
5 10 -169391.703
6 10 1775922.56
7 10 -108761.917
8 10 374425.917
9 10 -474189.383
10 10 1790459.51
11 10 -10903.389
12 10 -1749288.39
1 11 35544.2611
2 11 -26485.4897
3 11 -463914.162
4 11 -114612.969
5 11 -957364.267
6 11 450598.548
7 11 -84750.3276
8 11 8383.7307
9 11 678615.357
10 11 -10903.389
11 11 1201694.81
12 11 -493506.625
1 12 -322643.641
2 12 550776.562
3 12 -22320.7999
4 12 1790283.77
5 12 530823.576
6 12 -2761829.07
7 12 436264.064
8 12 -605441.875
9 12 100376.945
10 12 -1749288.39
11 12 -493506.625
12 12 2534171.12
