# name: debug
# type: sparse matrix
# nnz: 15876
# rows: 126
# columns: 126

1 1 15844708.5
2 1 -10447.5312
3 1 -39185.7757
4 1 28759.3481
5 1 -1082256.02
6 1 916396.16
7 1 -955.442624
8 1 -86.771278
9 1 32.280603
10 1 -68.2441136
11 1 -318.437784
12 1 -426.162835
13 1 -842.026349
14 1 -43.969304
15 1 75.2207955
16 1 -74.9246774
17 1 -91.9724481
18 1 -370.289667
19 1 -515.230938
20 1 14.7802361
21 1 43.5578503
22 1 -69.9939019
23 1 354.845018
24 1 -336.731003
25 1 -492.447189
26 1 28.1896016
27 1 -1.94900065
28 1 -75.2423929
29 1 368.229496
30 1 -280.746172
31 1 -397.239481
32 1 36.0372174
33 1 -39.6877059
34 1 -47.8476909
35 1 323.157211
36 1 -225.981077
37 1 -235.099818
38 1 29.9835943
39 1 -42.5536104
40 1 -31.292234
41 1 206.222383
42 1 -154.209291
43 1 -181.991784
44 1 7.31953406
45 1 -44.3318064
46 1 -15.1835923
47 1 177.442236
48 1 -129.010517
49 1 -147.260929
50 1 3.85890466
51 1 -47.0376444
52 1 -11.3984155
53 1 136.648185
54 1 -90.4397696
55 1 -100.193448
56 1 -1.92198685
57 1 -51.8519439
58 1 -21.0174321
59 1 147.178501
60 1 -67.2290144
61 1 -36.3303821
62 1 8.33691319
63 1 -28.2575977
64 1 -17.0838295
65 1 74.2849138
66 1 -25.3489487
67 1 -25.3921988
68 1 9.83318568
69 1 -13.5973295
70 1 -14.335342
71 1 48.9582795
72 1 -15.8817315
73 1 -11.5413303
74 1 6.88694838
75 1 -17.2319136
76 1 -8.65789469
77 1 47.7256142
78 1 -14.477438
79 1 -6.36797848
80 1 9.60144823
81 1 -11.4081992
82 1 -9.4737384
83 1 42.1763669
84 1 -11.5035662
85 1 -5.65705674
86 1 7.74913479
87 1 -0.315230193
88 1 -6.65244455
89 1 28.6221268
90 1 -10.805134
91 1 -7.79969125
92 1 7.13177087
93 1 7.94991705
94 1 -6.05207364
95 1 17.5281107
96 1 -6.19898027
97 1 -6.16801969
98 1 4.28174343
99 1 7.01852206
100 1 -3.72757615
101 1 16.2222678
102 1 -7.57786971
103 1 -2.44856482
104 1 4.97335227
105 1 10.3316614
106 1 -2.4380671
107 1 17.3536963
108 1 -6.54488577
109 1 0.184982369
110 1 5.56910217
111 1 8.64954023
112 1 -1.78070272
113 1 19.020379
114 1 -6.19427488
115 1 -8.09611205
116 1 5.07990022
117 1 7.88755339
118 1 -1.36289255
119 1 11.5549525
120 1 -5.17197719
121 1 -3.28409867
122 1 3.45057946
123 1 7.75540409
124 1 -1.52041957
125 1 10.6838292
126 1 -3.35547916
1 2 -10447.5312
2 2 16934535
3 2 -489511.427
4 2 1254838.12
5 2 -0.000491971571
6 2 258287.409
7 2 -62.1828235
8 2 -1581.78452
9 2 244.015714
10 2 165.871474
11 2 -1.24068926
12 2 -673.235745
13 2 -13.5341562
14 2 -1428.07216
15 2 277.344075
16 2 -38.7279267
17 2 -17.4629205
18 2 -428.273755
19 2 33.4640207
20 2 -1008.4051
21 2 192.39141
22 2 -414.113012
23 2 1.98456399
24 2 -3.77504732
25 2 86.3902565
26 2 -974.901421
27 2 160.245669
28 2 -395.851006
29 2 -5.06943578
30 2 -13.6628315
31 2 73.278119
32 2 -808.518943
33 2 123.800794
34 2 -288.683728
35 2 3.13682795
36 2 -21.419695
37 2 55.9174626
38 2 -506.02358
39 2 96.4544807
40 2 -139.916851
41 2 6.3194293
42 2 -23.6087135
43 2 19.5012263
44 2 -398.527221
45 2 87.1972081
46 2 -98.745321
47 2 -3.48620239
48 2 -48.4642458
49 2 11.8914179
50 2 -330.953544
51 2 54.3571962
52 2 -34.0505457
53 2 -1.02121109
54 2 -70.8393871
55 2 20.5122928
56 2 -251.830637
57 2 38.8416121
58 2 -22.0557171
59 2 5.65554462
60 2 -72.2977052
61 2 21.4376084
62 2 -115.474956
63 2 11.9509051
64 2 14.1274791
65 2 12.9410881
66 2 -16.9132682
67 2 18.0518833
68 2 -96.0639955
69 2 6.98925372
70 2 25.0674375
71 2 14.0114131
72 2 -5.7748031
73 2 12.8477177
74 2 -70.9730823
75 2 6.26484114
76 2 17.5574111
77 2 10.5638258
78 2 1.73892461
79 2 13.4950492
80 2 -65.2398387
81 2 4.46192304
82 2 17.7880894
83 2 11.6192763
84 2 7.42468396
85 2 9.2558671
86 2 -48.1837996
87 2 4.87224576
88 2 13.9507924
89 2 9.52163925
90 2 13.5105449
91 2 8.38005496
92 2 -41.2589486
93 2 3.98272089
94 2 10.7148176
95 2 7.75831824
96 2 8.73839811
97 2 6.14719102
98 2 -33.4456093
99 2 5.24678788
100 2 4.30631728
101 2 6.74204379
102 2 8.93283319
103 2 4.11012698
104 2 -18.4827321
105 2 5.89756179
106 2 -5.38458899
107 2 5.83108364
108 2 8.4886251
109 2 3.57914713
110 2 -18.0966761
111 2 5.11972607
112 2 -4.80696987
113 2 5.28170902
114 2 10.1146327
115 2 3.66889201
116 2 -20.4067701
117 2 4.58553599
118 2 -2.70862632
119 2 4.36602933
120 2 10.2599526
121 2 2.65405328
122 2 -9.92591569
123 2 4.35455251
124 2 -4.3881087
125 2 4.1852031
126 2 6.43260779
1 3 -39185.7757
2 3 -489511.427
3 3 15625929.4
4 3 -818105.668
5 3 -182238.201
6 3 -28759.3476
7 3 -18.6369789
8 3 213.839138
9 3 -739.576431
10 3 281.400904
11 3 559.339958
12 3 37.6588341
13 3 -69.4841483
14 3 128.89307
15 3 -671.338536
16 3 247.425718
17 3 403.686043
18 3 -25.2509353
19 3 -132.669996
20 3 48.0203998
21 3 -539.535337
22 3 234.338346
23 3 23.896455
24 3 -27.4313433
25 3 -151.766603
26 3 18.6854451
27 3 -518.274031
28 3 199.667995
29 3 48.4423267
30 3 -21.0114542
31 3 -116.974174
32 3 13.5128003
33 3 -443.033082
34 3 169.045721
35 3 25.3452029
36 3 -14.7451259
37 3 -47.8394568
38 3 -7.07181569
39 3 -297.984251
40 3 112.27202
41 3 -5.35955588
42 3 5.95035866
43 3 -40.0245917
44 3 -14.2940034
45 3 -239.526702
46 3 86.6847203
47 3 3.19864511
48 3 5.80554297
49 3 -32.6314482
50 3 -22.9571003
51 3 -202.20239
52 3 66.7703327
53 3 23.4925145
54 3 -0.419885136
55 3 -18.2087457
56 3 -20.5067772
57 3 -169.698279
58 3 44.3534069
59 3 41.5335023
60 3 -3.78732736
61 3 -17.7963618
62 3 -18.9618268
63 3 -89.5269401
64 3 24.442496
65 3 1.18554258
66 3 -2.12386489
67 3 -7.62508979
68 3 -20.283965
69 3 -75.9507276
70 3 15.8984801
71 3 -6.10704258
72 3 -0.643795908
73 3 -1.21414468
74 3 -15.5679439
75 3 -63.2716289
76 3 13.4560728
77 3 0.11805934
78 3 -1.03462431
79 3 -11.5057326
80 3 -14.2342395
81 3 -63.9945757
82 3 13.6213197
83 3 -12.5572759
84 3 -0.698466781
85 3 -23.3938109
86 3 -16.3981669
87 3 -45.7305498
88 3 14.2447993
89 3 -29.267685
90 3 0.581539838
91 3 -8.63469219
92 3 -11.3076266
93 3 -37.3237176
94 3 9.70678693
95 3 -20.9312211
96 3 0.917859079
97 3 -1.338102
98 3 -12.0174126
99 3 -33.4382495
100 3 10.4770497
101 3 -18.400088
102 3 2.71748607
103 3 -4.21711616
104 3 -6.64580652
105 3 -24.9903345
106 3 7.24534697
107 3 -21.9649501
108 3 3.16621595
109 3 -7.94604675
110 3 -6.46849004
111 3 -31.8521346
112 3 6.49976364
113 3 -26.8851987
114 3 3.71447001
115 3 -4.03161849
116 3 -7.23061216
117 3 -30.1826166
118 3 7.2373677
119 3 -26.6577121
120 3 3.85556922
121 3 -4.40950806
122 3 -2.71058008
123 3 -20.6476372
124 3 5.61165915
125 3 -20.2986479
126 3 1.15848856
1 4 28759.3481
2 4 1254838.12
3 4 -818105.668
4 4 15709799.6
5 4 8904.94337
6 4 127445.81
7 4 -43.7400463
8 4 227.288413
9 4 287.857763
10 4 -4935.95707
11 4 121.281474
12 4 1543.92307
13 4 -1.19772562
14 4 177.428832
15 4 241.242951
16 4 -3385.31781
17 4 112.166019
18 4 956.539632
19 4 30.601002
20 4 -399.420412
21 4 262.625081
22 4 -555.705219
23 4 12.0884521
24 4 -31.9023171
25 4 40.7383403
26 4 -387.15835
27 4 225.424105
28 4 -559.809213
29 4 10.8618395
30 4 -84.1495755
31 4 32.7612568
32 4 -304.136943
33 4 179.718539
34 4 -439.695582
35 4 15.3320795
36 4 -96.7124236
37 4 17.7613301
38 4 -162.364575
39 4 118.891426
40 4 -256.749675
41 4 14.4285472
42 4 -94.0599841
43 4 4.47665756
44 4 -120.612623
45 4 97.7801984
46 4 -194.378004
47 4 -4.66747344
48 4 -89.3018451
49 4 5.70282329
50 4 -67.4161919
51 4 70.6841571
52 4 -135.587389
53 4 -0.114636117
54 4 -85.3812336
55 4 12.0844358
56 4 -67.5233954
57 4 47.8187678
58 4 -87.2325425
59 4 6.18643006
60 4 -72.7149564
61 4 15.3359355
62 4 -15.7733928
63 4 19.2198474
64 4 -29.9317821
65 4 15.0127219
66 4 -24.0476702
67 4 13.946215
68 4 0.428812116
69 4 9.92513866
70 4 -18.8707515
71 4 17.5462313
72 4 -10.1931904
73 4 10.3076571
74 4 1.43227421
75 4 9.66547795
76 4 -12.2716499
77 4 12.4086385
78 4 -3.64019461
79 4 13.5490991
80 4 1.00452959
81 4 8.80694046
82 4 -10.7075792
83 4 15.6455731
84 4 -0.65063164
85 4 11.1939339
86 4 4.60443276
87 4 10.5981158
88 4 -9.03825236
89 4 12.7509976
90 4 3.38126364
91 4 8.92844123
92 4 8.60812637
93 4 5.74757107
94 4 -9.3728482
95 4 10.3477726
96 4 4.20220587
97 4 5.40869376
98 4 8.01894901
99 4 8.44242709
100 4 -9.55713113
101 4 8.20753405
102 4 2.57222542
103 4 4.4328655
104 4 -0.677972965
105 4 7.27402501
106 4 -7.11257982
107 4 7.41147994
108 4 2.44739807
109 4 3.84681902
110 4 0.894531497
111 4 8.37473668
112 4 -6.40471665
113 4 7.88380951
114 4 0.910230819
115 4 2.18398935
116 4 5.58708363
117 4 9.51168408
118 4 -7.66543329
119 4 6.99611811
120 4 -0.398055414
121 4 2.39375569
122 4 0.228696924
123 4 7.33855837
124 4 -4.8064497
125 4 6.28474166
126 4 1.05142085
1 5 -1082256.02
2 5 -0.000491971571
3 5 -182238.201
4 5 8904.94337
5 5 16292720.1
6 5 -280825.246
7 5 -368.549298
8 5 0.265828559
9 5 550.775707
10 5 207.989561
11 5 -5784.08048
12 5 584.132984
13 5 -288.065741
14 5 14.5918774
15 5 401.744599
16 5 169.455932
17 5 -3947.39531
18 5 574.77709
19 5 268.598669
20 5 -0.0231334794
21 5 0.526924159
22 5 31.8455746
23 5 -745.876173
24 5 129.291344
25 5 263.002647
26 5 4.58562814
27 5 32.7533928
28 5 71.6006288
29 5 -779.38402
30 5 117.720441
31 5 174.95327
32 5 -1.31557583
33 5 61.3282047
34 5 52.5398772
35 5 -658.106944
36 5 92.9662011
37 5 53.3059902
38 5 -6.4707914
39 5 36.2880997
40 5 48.1963562
41 5 -436.908329
42 5 80.9755923
43 5 27.2055785
44 5 3.82763682
45 5 43.1315898
46 5 17.2423291
47 5 -362.498557
48 5 82.6468321
49 5 -12.1454162
50 5 4.71910222
51 5 65.8721121
52 5 13.0656105
53 5 -309.669457
54 5 53.0451411
55 5 -11.4097078
56 5 3.478354
57 5 88.6045187
58 5 29.5537302
59 5 -278.317294
60 5 40.6302196
61 5 -41.0375753
62 5 -10.6650097
63 5 38.4533691
64 5 27.4437997
65 5 -150.407443
66 5 14.9192333
67 5 -52.6758336
68 5 -12.6919688
69 5 24.7718585
70 5 24.2879407
71 5 -118.873061
72 5 11.8486857
73 5 -51.4752775
74 5 -8.15067163
75 5 25.3518471
76 5 14.8973895
77 5 -99.7064457
78 5 10.4461018
79 5 -57.1688624
80 5 -11.9197473
81 5 14.0959276
82 5 16.3687357
83 5 -95.365481
84 5 6.73203246
85 5 -45.6803021
86 5 -9.44665119
87 5 -7.09718897
88 5 10.8409699
89 5 -69.0461566
90 5 6.81770518
91 5 -38.9143744
92 5 -9.55715047
93 5 -5.93294299
94 5 10.343346
95 5 -49.1070351
96 5 4.19682501
97 5 -33.5030589
98 5 -8.43432931
99 5 -13.0824275
100 5 8.51676924
101 5 -42.1079782
102 5 5.61037478
103 5 -15.1246988
104 5 -6.73835878
105 5 -17.7232506
106 5 5.70380644
107 5 -29.5392382
108 5 4.90576624
109 5 -16.9590636
110 5 -6.64907668
111 5 -27.1079504
112 5 5.06037778
113 5 -35.2725327
114 5 4.90698203
115 5 -9.60423226
116 5 -6.20719864
117 5 -29.6200144
118 5 5.26645932
119 5 -28.1601323
120 5 3.82596867
121 5 -5.57807886
122 5 -3.30113916
123 5 -20.0280077
124 5 4.44287713
125 5 -20.4008355
126 5 1.64696135
1 6 916396.16
2 6 258287.409
3 6 -28759.3476
4 6 127445.81
5 6 -280825.246
6 6 15669789.7
7 6 -406.518249
8 6 -719.390645
9 6 74.3307613
10 6 1517.50433
11 6 562.543075
12 6 -1934.30049
13 6 -319.977541
14 6 -559.626174
15 6 102.877133
16 6 894.365963
17 6 319.711725
18 6 -1401.09911
19 6 -281.672276
20 6 -43.9862215
21 6 61.2822384
22 6 -219.800826
23 6 -13.2186879
24 6 -668.92988
25 6 -225.846887
26 6 -34.1354318
27 6 48.2480706
28 6 -244.661064
29 6 -26.4994134
30 6 -635.738069
31 6 -179.840742
32 6 -6.84778137
33 6 23.989056
34 6 -169.812432
35 6 -18.7244564
36 6 -515.631555
37 6 -109.133103
38 6 22.5095303
39 6 3.23452852
40 6 -78.4905699
41 6 -22.1757514
42 6 -337.129246
43 6 -80.9389728
44 6 5.24473086
45 6 1.78875233
46 6 -59.9550501
47 6 -20.0292931
48 6 -259.112333
49 6 -63.6208851
50 6 -15.8587359
51 6 2.23823424
52 6 -45.3026311
53 6 -20.594776
54 6 -202.355937
55 6 -42.228226
56 6 -31.6573273
57 6 1.52050636
58 6 -25.96905
59 6 -16.0379901
60 6 -160.450931
61 6 -20.5936513
62 6 3.37579286
63 6 -0.762131101
64 6 -15.6858678
65 6 -10.4956422
66 6 -64.6271792
67 6 -14.2546027
68 6 -0.23120699
69 6 -0.277502018
70 6 -6.60496199
71 6 -9.8342426
72 6 -47.9730984
73 6 -11.3331532
74 6 -0.0562929439
75 6 -1.58277213
76 6 -1.01856708
77 6 -5.52697383
78 6 -31.2090482
79 6 -10.8928535
80 6 7.88976396
81 6 -1.50911646
82 6 -5.89333569
83 6 -5.18824261
84 6 -28.3209636
85 6 -11.4594205
86 6 17.0372372
87 6 -1.74835856
88 6 -10.3501171
89 6 -5.99297651
90 6 -18.3968657
91 6 -6.74805453
92 6 2.17571139
93 6 -0.388266943
94 6 -1.43256057
95 6 -3.87194203
96 6 -14.1138445
97 6 -7.11907268
98 6 0.650556557
99 6 -2.00864615
100 6 1.68548717
101 6 -3.49653622
102 6 -10.0734912
103 6 -3.9756088
104 6 3.45182307
105 6 -1.7702573
106 6 1.51751061
107 6 -2.02262803
108 6 -6.85637198
109 6 -3.12343644
110 6 11.6220705
111 6 -1.82523458
112 6 -1.43388493
113 6 -1.23029355
114 6 -7.31269383
115 6 -4.23901572
116 6 9.04379226
117 6 -2.5282656
118 6 0.523147887
119 6 -1.96931158
120 6 -7.49913876
121 6 -2.83264496
122 6 5.85243379
123 6 -1.58540787
124 6 0.439199095
125 6 -1.42403285
126 6 -4.68473155
1 7 -955.442624
2 7 -62.1828235
3 7 -18.6369789
4 7 -43.7400463
5 7 -368.549298
6 7 -406.518249
7 7 15825679.5
8 7 27694.1805
9 7 -4042.70284
10 7 34091.805
11 7 -1057907.84
12 7 981361.1
13 7 -851.305191
14 7 -68.5997171
15 7 32.2126605
16 7 -69.0360757
17 7 -46.4040868
18 7 -407.877829
19 7 -544.859146
20 7 -9.19510344
21 7 -2.16074208
22 7 -60.5045383
23 7 373.514421
24 7 -354.572461
25 7 -487.388263
26 7 14.4485047
27 7 -25.63422
28 7 -66.4793367
29 7 341.623887
30 7 -299.730633
31 7 -398.931297
32 7 23.6766051
33 7 -68.2237245
34 7 -40.1346449
35 7 311.017141
36 7 -256.061029
37 7 -228.82437
38 7 17.2210804
39 7 -78.8896288
40 7 -22.9704073
41 7 214.914471
42 7 -149.511006
43 7 -153.895231
44 7 11.1642045
45 7 -48.5777042
46 7 -13.7014973
47 7 146.49498
48 7 -102.069486
49 7 -138.938255
50 7 -0.553649936
51 7 -58.7522401
52 7 -9.72522201
53 7 135.257404
54 7 -82.8775351
55 7 -96.262151
56 7 -11.8801576
57 7 -81.1124271
58 7 -16.9131168
59 7 157.834654
60 7 -65.2162488
61 7 -34.5089535
62 7 6.62473217
63 7 -36.3430701
64 7 -17.4614115
65 7 68.8717102
66 7 -22.0433548
67 7 -22.6109059
68 7 5.63063449
69 7 -31.8226443
70 7 -14.8313632
71 7 61.4242866
72 7 -18.3829683
73 7 -10.7188633
74 7 4.04348145
75 7 -18.2657871
76 7 -7.13018873
77 7 41.4698637
78 7 -14.4500588
79 7 -7.58829199
80 7 7.71636552
81 7 -18.4798087
82 7 -9.15039759
83 7 41.0283006
84 7 -10.591625
85 7 -7.68348624
86 7 4.81535822
87 7 -4.40851297
88 7 -5.11326475
89 7 24.060448
90 7 -10.7341859
91 7 -8.98638721
92 7 3.72755015
93 7 3.77805042
94 7 -4.52107445
95 7 11.2453521
96 7 -5.77968617
97 7 -4.47369307
98 7 5.67693574
99 7 4.65492613
100 7 -5.03273262
101 7 13.0169961
102 7 -7.17198672
103 7 -0.87154755
104 7 4.79209393
105 7 7.13191074
106 7 -2.60152577
107 7 13.6724548
108 7 -5.38277858
109 7 1.85907609
110 7 4.99249626
111 7 5.17263596
112 7 -1.677776
113 7 14.6872468
114 7 -5.38343808
115 7 -6.9360094
116 7 4.39908226
117 7 4.49739147
118 7 -1.12329073
119 7 6.74706922
120 7 -4.74452358
121 7 -3.24811477
122 7 3.09834353
123 7 6.13298556
124 7 -1.42922162
125 7 8.0617423
126 7 -3.18703397
1 8 -86.771278
2 8 -1581.78452
3 8 213.839138
4 8 227.288413
5 8 0.265828559
6 8 -719.390645
7 8 27694.1805
8 8 16862891.1
9 8 -490416.671
10 8 1240517.49
11 8 -0.0458190969
12 8 368112.118
13 8 -58.8055467
14 8 -1425.39946
15 8 268.402832
16 8 -98.2146987
17 8 -20.0810556
18 8 -501.907408
19 8 -0.833689476
20 8 -1021.01348
21 8 189.542936
22 8 -446.581779
23 8 -4.60328582
24 8 -113.391938
25 8 62.0601839
26 8 -954.934853
27 8 158.662174
28 8 -371.194289
29 8 -7.46095255
30 8 -66.8754318
31 8 56.0858937
32 8 -831.621697
33 8 126.834661
34 8 -255.27471
35 8 -1.14644626
36 8 -80.1004015
37 8 41.1719977
38 8 -488.296316
39 8 85.9497877
40 8 -129.694739
41 8 0.56993456
42 8 -92.1853926
43 8 19.3242932
44 8 -345.44651
45 8 64.6777332
46 8 -60.0154578
47 8 3.602817
48 8 -61.3902151
49 8 3.6240963
50 8 -321.471948
51 8 43.0383851
52 8 -22.2906171
53 8 -1.76849666
54 8 -86.7228669
55 8 10.3941841
56 8 -236.989571
57 8 31.3519663
58 8 -22.1553075
59 8 0.0940075424
60 8 -110.045285
61 8 19.8642606
62 8 -119.981373
63 8 6.22271082
64 8 23.5824205
65 8 15.5576333
66 8 -27.8397504
67 8 17.0148495
68 8 -104.48318
69 8 4.54857182
70 8 30.0780212
71 8 15.0449705
72 8 -19.2517744
73 8 10.3448969
74 8 -66.0043321
75 8 4.41572367
76 8 18.6998348
77 8 9.81668884
78 8 -0.80914906
79 8 12.1118913
80 8 -66.0471572
81 8 1.06572086
82 8 19.8591732
83 8 11.6391135
84 8 -1.21596695
85 8 7.2854495
86 8 -45.8997531
87 8 3.6497049
88 8 14.7788791
89 8 8.14683035
90 8 8.10508067
91 8 6.00095325
92 8 -38.6908412
93 8 2.20300837
94 8 14.0247265
95 8 6.39121355
96 8 3.52445649
97 8 8.18754918
98 8 -31.7295938
99 8 5.45183283
100 8 6.84994192
101 8 8.6521363
102 8 6.43638532
103 8 4.42302536
104 8 -16.3338963
105 8 4.83618928
106 8 -2.91261907
107 8 5.57211019
108 8 5.43150076
109 8 3.62021104
110 8 -14.3433836
111 8 4.2945869
112 8 -3.31809439
113 8 4.88323402
114 8 7.37626795
115 8 3.80418785
116 8 -18.4236413
117 8 3.53486028
118 8 0.253734632
119 8 4.09563115
120 8 8.0463219
121 8 2.87874995
122 8 -10.5802214
123 8 3.22956213
124 8 -1.41022954
125 8 3.94435284
126 8 5.89821637
1 9 32.280603
2 9 244.015714
3 9 -739.576431
4 9 287.857763
5 9 550.775707
6 9 74.3307613
7 9 -4042.70284
8 9 -490416.671
9 9 15611599.2
10 9 -877307.951
11 9 -272469.208
12 9 -34091.7592
13 9 -65.263804
14 9 141.757998
15 9 -672.098544
16 9 291.224111
17 9 427.733044
18 9 -10.1699744
19 9 -129.577262
20 9 58.8264186
21 9 -534.673873
22 9 255.694486
23 9 91.706987
24 9 -19.9200053
25 9 -134.171142
26 9 32.4356903
27 9 -514.81914
28 9 218.949374
29 9 64.1925578
30 9 -12.3863596
31 9 -112.174764
32 9 19.7698652
33 9 -469.485785
34 9 199.045838
35 9 42.8302615
36 9 -9.56491726
37 9 -43.2948036
38 9 -5.13846372
39 9 -284.984206
40 9 110.998715
41 9 38.2501832
42 9 7.52702422
43 9 -22.8337108
44 9 -15.0494722
45 9 -210.364876
46 9 73.8263555
47 9 16.0080899
48 9 4.50179778
49 9 -30.3475568
50 9 -22.4308643
51 9 -200.111944
52 9 59.6944496
53 9 23.0016613
54 9 5.29031046
55 9 -17.3692572
56 9 -17.9213141
57 9 -158.239026
58 9 39.7256989
59 9 66.9089426
60 9 -0.609788632
61 9 -5.66484555
62 9 -19.5632145
63 9 -95.0588994
64 9 20.6868701
65 9 19.3003313
66 9 -2.88212402
67 9 1.0954365
68 9 -21.8687508
69 9 -86.5679687
70 9 15.4685855
71 9 14.2731197
72 9 -2.56499243
73 9 1.44419088
74 9 -16.0650275
75 9 -58.9808663
76 9 14.0777334
77 9 1.69287511
78 9 -0.872535059
79 9 -4.08977893
80 9 -15.0903611
81 9 -63.6286451
82 9 12.7041114
83 9 -2.73616162
84 9 -0.846960508
85 9 -17.1801076
86 9 -16.807877
87 9 -42.2941288
88 9 14.5735336
89 9 -21.6647359
90 9 0.0205100536
91 9 -8.47401871
92 9 -14.0302726
93 9 -34.1744151
94 9 11.0457382
95 9 -17.4649991
96 9 0.623777547
97 9 -3.97163639
98 9 -14.6572573
99 9 -36.3068904
100 9 13.0146223
101 9 -20.2227829
102 9 3.33906614
103 9 -3.38115815
104 9 -6.72698679
105 9 -23.7186167
106 9 7.0020694
107 9 -18.881457
108 9 2.96902349
109 9 -8.15677602
110 9 -6.64446487
111 9 -28.3268728
112 9 6.49015615
113 9 -23.2791133
114 9 3.65853445
115 9 -4.17411006
116 9 -8.6481709
117 9 -27.3765636
118 9 7.57799888
119 9 -23.1234772
120 9 4.2240211
121 9 -5.0827729
122 9 -4.23415164
123 9 -21.8034912
124 9 6.17204081
125 9 -20.5328041
126 9 1.43087234
1 10 -68.2441136
2 10 165.871474
3 10 281.400904
4 10 -4935.95707
5 10 207.989561
6 10 1517.50433
7 10 34091.805
8 10 1240517.49
9 10 -877307.951
10 10 15723370.1
11 10 48860.6219
12 10 200138.522
13 10 -15.7761453
14 10 71.7120476
15 10 284.507599
16 10 -3162.67906
17 10 96.1908629
18 10 775.822477
19 10 14.5218023
20 10 -417.707037
21 10 280.133801
22 10 -610.684998
23 10 -4.5016246
24 10 -104.838739
25 10 27.2855741
26 10 -366.455512
27 10 239.940679
28 10 -559.164725
29 10 2.99493783
30 10 -126.941814
31 10 25.7274715
32 10 -290.984381
33 10 207.986391
34 10 -439.683555
35 10 6.8242304
36 10 -153.24189
37 10 10.7232644
38 10 -163.909519
39 10 117.590147
40 10 -243.720621
41 10 5.91906994
42 10 -147.51322
43 10 5.52303033
44 10 -93.8224783
45 10 78.7493649
46 10 -149.798812
47 10 8.0494787
48 10 -93.0926156
49 10 0.516185023
50 10 -68.4866132
51 10 63.4594689
52 10 -131.13949
53 10 0.263999133
54 10 -102.739005
55 10 5.90325135
56 10 -74.6305918
57 10 44.8501197
58 10 -86.7437286
59 10 -2.26195819
60 10 -107.542096
61 10 14.0403731
62 10 -11.4897527
63 10 14.8600762
64 10 -26.9359473
65 10 17.8688665
66 10 -27.9855666
67 10 12.5208534
68 10 -3.49934052
69 10 10.3775861
70 10 -17.5092811
71 10 17.3249215
72 10 -19.8709478
73 10 7.87379011
74 10 3.33528001
75 10 10.41028
76 10 -11.8690792
77 10 10.8908214
78 10 -4.89814788
79 10 11.7800786
80 10 2.89796632
81 10 7.6002672
82 10 -11.3653963
83 10 14.9776198
84 10 -4.48095282
85 10 8.91513655
86 10 8.37613911
87 10 10.9524608
88 10 -10.234816
89 10 10.8122184
90 10 1.49741154
91 10 6.89233791
92 10 13.4300505
93 10 7.28760727
94 10 -9.8271397
95 10 8.64649427
96 10 1.99269683
97 10 8.04148464
98 10 9.90108241
99 10 10.2563133
100 10 -9.77006337
101 10 11.4572577
102 10 0.79339008
103 10 5.16713652
104 10 0.298492759
105 10 6.81496186
106 10 -6.12866862
107 10 7.89472319
108 10 0.978837634
109 10 3.95660682
110 10 1.65394154
111 10 8.19330992
112 10 -5.49202904
113 10 7.88744299
114 10 -0.16452825
115 10 1.78641625
116 10 8.18871974
117 10 9.81957346
118 10 -7.22780256
119 10 6.92997283
120 10 -1.65661353
121 10 2.21030362
122 10 3.04934768
123 10 8.19782174
124 10 -4.85671086
125 10 6.54486222
126 10 0.213969462
1 11 -318.437784
2 11 -1.24068926
3 11 559.339958
4 11 121.281474
5 11 -5784.08048
6 11 562.543075
7 11 -1057907.84
8 11 -0.0458190969
9 11 -272469.208
10 11 48860.6219
11 11 16234428.7
12 11 -289130.17
13 11 -186.849693
14 11 20.3073399
15 11 428.951427
16 11 97.1136941
17 11 -3630.28531
18 11 534.475162
19 11 300.602408
20 11 7.27383992
21 11 81.0583258
22 11 10.0565736
23 11 -780.350416
24 11 133.095244
25 11 249.034748
26 11 8.14041988
27 11 65.8237526
28 11 55.7609312
29 11 -775.510445
30 11 118.645407
31 11 162.223843
32 11 4.27694499
33 11 98.6188205
34 11 42.7129386
35 11 -701.763781
36 11 104.847565
37 11 62.6906857
38 11 1.60794114
39 11 89.271443
40 11 38.8775664
41 11 -443.022895
42 11 76.9386715
43 11 15.6870955
44 11 1.43716501
45 11 59.7474859
46 11 22.5515168
47 11 -320.53001
48 11 58.464559
49 11 -17.8778992
50 11 6.01129181
51 11 72.8841943
52 11 10.652168
53 11 -323.381427
54 11 47.7364216
55 11 -3.79904903
56 11 10.2192661
57 11 120.285977
58 11 23.6031463
59 11 -287.789022
60 11 40.8276366
61 11 -48.0280037
62 11 -9.32285744
63 11 61.8729864
64 11 29.029529
65 11 -156.254214
66 11 11.4522397
67 11 -57.6156223
68 11 -8.27449417
69 11 53.1036708
70 11 25.0823031
71 11 -140.922645
72 11 13.1001274
73 11 -48.9774389
74 11 -5.80789717
75 11 26.7189802
76 11 13.0078306
77 11 -92.7509618
78 11 9.4958839
79 11 -55.6117907
80 11 -9.81881557
81 11 25.3356106
82 11 15.4810584
83 11 -94.6145197
84 11 5.86008455
85 11 -43.4793682
86 11 -6.51598207
87 11 0.0974040522
88 11 9.01401393
89 11 -64.8840025
90 11 6.38774541
91 11 -40.3788759
92 11 -7.36812707
93 11 -3.07673573
94 11 8.84253103
95 11 -46.3034581
96 11 3.52639076
97 11 -38.2632922
98 11 -11.5370346
99 11 -14.1677338
100 11 11.8652327
101 11 -44.7640503
102 11 5.88979012
103 11 -17.3705998
104 11 -7.14868251
105 11 -14.8538199
106 11 6.31466671
107 11 -28.3843457
108 11 4.4552651
109 11 -16.9601052
110 11 -6.46053444
111 11 -23.4530678
112 11 5.17519794
113 11 -31.6021114
114 11 4.51287173
115 11 -11.2377513
116 11 -6.08386966
117 11 -27.029437
118 11 5.3750536
119 11 -25.3065659
120 11 3.51038888
121 11 -7.94409127
122 11 -3.19085793
123 11 -21.1032961
124 11 4.70619778
125 11 -21.0975499
126 11 1.288876
1 12 -426.162835
2 12 -673.235745
3 12 37.6588341
4 12 1543.92307
5 12 584.132984
6 12 -1934.30049
7 12 981361.1
8 12 368112.118
9 12 -34091.7592
10 12 200138.522
11 12 -289130.17
12 12 15684516.8
13 12 -371.703104
14 12 -588.851962
15 12 96.0972387
16 12 738.390448
17 12 305.047154
18 12 -1362.97869
19 12 -302.105296
20 12 -129.061679
21 12 60.7340824
22 12 -236.16241
23 12 1.2185726
24 12 -684.630474
25 12 -247.021129
26 12 -70.2109285
27 12 45.4424096
28 12 -240.450575
29 12 -14.0959885
30 12 -662.345063
31 12 -205.985284
32 12 -45.2306114
33 12 18.5464509
34 12 -185.13537
35 12 -7.15385011
36 12 -572.183328
37 12 -105.66535
38 12 -21.2302335
39 12 -0.17415863
40 12 -81.2650363
41 12 -15.6461826
42 12 -326.892903
43 12 -70.448936
44 12 -12.9729481
45 12 -0.572381198
46 12 -44.2873594
47 12 -20.4574937
48 12 -226.529071
49 12 -58.7796148
50 12 -24.3499808
51 12 0.893411944
52 12 -48.7636888
53 12 -18.1134158
54 12 -210.712458
55 12 -38.6054305
56 12 -47.5499967
57 12 -0.601569143
58 12 -27.5842131
59 12 -10.7655422
60 12 -156.882773
61 12 -19.3573128
62 12 -14.6316391
63 12 -0.559387899
64 12 -7.31381362
65 12 -9.96470873
66 12 -69.6534638
67 12 -15.3266919
68 12 -14.0605986
69 12 -0.759363911
70 12 -1.12514218
71 12 -9.43506272
72 12 -56.0914163
73 12 -12.4530599
74 12 -4.00991323
75 12 -1.86547462
76 12 0.712655145
77 12 -5.77755876
78 12 -30.5625564
79 12 -10.9950557
80 12 -1.83133394
81 12 -1.43941648
82 12 -2.26445806
83 12 -5.26442908
84 12 -29.5940968
85 12 -12.3182294
86 12 10.0666309
87 12 -1.67705314
88 12 -7.20857964
89 12 -6.1880643
90 12 -17.8933971
91 12 -8.81719587
92 12 -0.726299216
93 12 -0.458089382
94 12 -1.34073437
95 12 -4.99137552
96 12 -12.8622381
97 12 -8.0309257
98 12 -0.205676078
99 12 -2.64776302
100 12 1.17715417
101 12 -4.79505585
102 12 -10.5791893
103 12 -3.77103323
104 12 1.49580841
105 12 -1.63213808
106 12 1.66961036
107 12 -2.11848031
108 12 -6.30754337
109 12 -3.02394374
110 12 9.9786155
111 12 -1.87580811
112 12 -1.59203156
113 12 -1.33074576
114 12 -6.22456621
115 12 -4.74635767
116 12 6.62162352
117 12 -3.06914301
118 12 0.435973361
119 12 -2.46365099
120 12 -6.49836825
121 12 -3.49039604
122 12 4.9704529
123 12 -2.09379379
124 12 0.220840217
125 12 -1.8827212
126 12 -4.6988346
1 13 -842.026349
2 13 -13.5341562
3 13 -69.4841483
4 13 -1.19772562
5 13 -288.065741
6 13 -319.977541
7 13 -851.305191
8 13 -58.8055467
9 13 -65.263804
10 13 -15.7761453
11 13 -186.849693
12 13 -371.703104
13 13 15952136.7
14 13 -98224.7832
15 13 -41286.8532
16 13 39900.8948
17 13 -992400.482
18 13 1138192.97
19 13 -746.920697
20 13 -11.0786654
21 13 -47.8176266
22 13 -66.7338892
23 13 425.389606
24 13 -508.548733
25 13 -704.308457
26 13 13.2487371
27 13 -86.8786821
28 13 -70.5132124
29 13 402.168064
30 13 -461.106949
31 13 -493.177562
32 13 36.9727214
33 13 -130.993684
34 13 -25.2505415
35 13 369.630875
36 13 -302.505017
37 13 -287.729742
38 13 26.9325249
39 13 -106.982996
40 13 -9.40132393
41 13 248.52538
42 13 -188.709862
43 13 -197.944774
44 13 13.1801823
45 13 -98.8196521
46 13 -4.24498963
47 13 220.815438
48 13 -112.970981
49 13 -168.57938
50 13 4.35226943
51 13 -99.7583293
52 13 0.623281817
53 13 176.650361
54 13 -100.961033
55 13 -103.340725
56 13 -2.30726012
57 13 -86.729556
58 13 -13.9828639
59 13 172.819636
60 13 -63.3738289
61 13 -38.8801753
62 13 0.190679757
63 13 -46.5881543
64 13 -9.37649027
65 13 87.4886408
66 13 -26.960435
67 13 -22.6514541
68 13 -0.997825932
69 13 -40.7467662
70 13 -7.50938604
71 13 70.4055977
72 13 -20.7773708
73 13 -6.44164692
74 13 -1.9433837
75 13 -32.2912866
76 13 -1.74442323
77 13 58.4683516
78 13 -16.1471115
79 13 -10.1009101
80 13 2.04298702
81 13 -22.2250895
82 13 -2.49583205
83 13 42.5715419
84 13 -12.9564428
85 13 -6.32076222
86 13 1.04785378
87 13 -13.5381387
88 13 -1.2446596
89 13 31.5865769
90 13 -10.8699506
91 13 -7.56802166
92 13 -0.0528823946
93 13 -1.70728667
94 13 -0.977112195
95 13 17.7062662
96 13 -6.01705657
97 13 -10.1342774
98 13 -1.1657368
99 13 0.39342421
100 13 -0.159775866
101 13 12.1109854
102 13 -6.64403949
103 13 -4.72373301
104 13 3.99262104
105 13 4.90739502
106 13 -2.13545852
107 13 16.4151261
108 13 -4.46675072
109 13 -0.383362331
110 13 3.92468269
111 13 3.70712307
112 13 -1.38439144
113 13 18.065139
114 13 -4.7109533
115 13 -10.0431773
116 13 2.49818493
117 13 -0.230129384
118 13 -0.599621008
119 13 7.88157531
120 13 -3.27156616
121 13 -5.51655199
122 13 2.23927842
123 13 3.21935823
124 13 -0.993520017
125 13 10.0292155
126 13 -2.18448485
1 14 -43.969304
2 14 -1428.07216
3 14 128.89307
4 14 177.428832
5 14 14.5918774
6 14 -559.626174
7 14 -68.5997171
8 14 -1425.39946
9 14 141.757998
10 14 71.7120476
11 14 20.3073399
12 14 -588.851962
13 14 -98224.7832
14 14 17051912.8
15 14 -499777.489
16 14 1188145.46
17 14 0.0144523858
18 14 149540.81
19 14 -15.5552142
20 14 -1302.64689
21 14 173.866745
22 14 -484.077115
23 14 -6.16469595
24 14 -62.7048493
25 14 66.2197341
26 14 -1237.72804
27 14 155.110776
28 14 -420.566262
29 14 -16.6378868
30 14 -18.9252869
31 14 68.624324
32 14 -932.294607
33 14 98.1345321
34 14 -326.778601
35 14 -4.10665013
36 14 -115.150353
37 14 54.9349644
38 14 -583.132791
39 14 72.6970932
40 14 -166.894932
41 14 -3.49901454
42 14 -59.321991
43 14 24.2268305
44 14 -420.327433
45 14 51.5191501
46 14 -111.080896
47 14 -1.94898392
48 14 -92.8339939
49 14 14.628892
50 14 -376.137886
51 14 31.3805577
52 14 -37.2979986
53 14 -3.36847207
54 14 -113.129865
55 14 21.4226758
56 14 -254.832616
57 14 17.0636729
58 14 -27.7755303
59 14 7.39866319
60 14 -94.3804668
61 14 16.8211162
62 14 -125.882412
63 14 2.57979927
64 14 18.4125618
65 14 9.81877157
66 14 -28.5951489
67 14 13.0381789
68 14 -108.915214
69 14 1.43997408
70 14 28.3875318
71 14 9.50879335
72 14 -19.3407724
73 14 7.63282919
74 14 -75.3429429
75 14 0.264882255
76 14 22.1510523
77 14 6.65674305
78 14 -1.15745577
79 14 8.5851413
80 14 -70.4592578
81 14 -0.611091881
82 14 19.0763543
83 14 7.0082429
84 14 5.06447205
85 14 4.95087262
86 14 -50.3036733
87 14 0.0422659656
88 14 14.0688115
89 14 5.4489411
90 14 8.66093828
91 14 3.54062191
92 14 -42.2072167
93 14 -0.476662751
94 14 13.1133866
95 14 3.48522195
96 14 6.18568166
97 14 2.47761618
98 14 -38.5783755
99 14 1.49702457
100 14 7.28870649
101 14 2.85132832
102 14 4.83090664
103 14 3.13620043
104 14 -24.0113008
105 14 1.90403796
106 14 -3.57382199
107 14 3.73010572
108 14 6.68118003
109 14 2.9436363
110 14 -19.9133126
111 14 1.3861093
112 14 -4.07571692
113 14 3.54779705
114 14 8.12922349
115 14 3.53657977
116 14 -24.3763678
117 14 -0.882459141
118 14 -0.377872876
119 14 2.1274308
120 14 7.86435884
121 14 2.49512798
122 14 -17.1822521
123 14 -1.20191445
124 14 -0.779816525
125 14 2.09550804
126 14 6.83947926
1 15 75.2207955
2 15 277.344075
3 15 -671.338536
4 15 241.242951
5 15 401.744599
6 15 102.877133
7 15 32.2126605
8 15 268.402832
9 15 -672.098544
10 15 284.507599
11 15 428.951427
12 15 96.0972387
13 15 -41286.8532
14 15 -499777.489
15 15 15812368.1
16 15 -1015038.54
17 15 -95989.0964
18 15 -39900.9093
19 15 -117.905599
20 15 130.299771
21 15 -677.591641
22 15 351.500425
23 15 -15.5002478
24 15 37.8981345
25 15 -140.806569
26 15 106.943525
27 15 -639.8214
28 15 318.823759
29 15 -27.1292984
30 15 39.6769564
31 15 -93.0413955
32 15 66.7745267
33 15 -490.757845
34 15 244.732635
35 15 67.3306641
36 15 19.9971269
37 15 -28.891379
38 15 16.7468734
39 15 -322.359011
40 15 146.902914
41 15 2.43767332
42 15 29.3329225
43 15 -18.6102177
44 15 0.0894467534
45 15 -234.374533
46 15 84.520867
47 15 25.5784109
48 15 18.5312251
49 15 -18.6908166
50 15 -11.9758579
51 15 -218.240322
52 15 76.7752758
53 15 44.438583
54 15 14.7471997
55 15 -4.63055714
56 15 -8.40506267
57 15 -158.026356
58 15 42.3306154
59 15 50.1588228
60 15 6.523173
61 15 -1.14350934
62 15 -13.2886067
63 15 -89.1954346
64 15 21.7855936
65 15 14.8213057
66 15 -0.260303429
67 15 4.95638527
68 15 -15.6214276
69 15 -83.9055112
70 15 14.6331197
71 15 13.0229462
72 15 -0.648837916
73 15 5.06754305
74 15 -14.2897615
75 15 -65.4181249
76 15 13.5010902
77 15 4.32657745
78 15 -0.99330831
79 15 -4.1966839
80 15 -13.6843258
81 15 -60.4211724
82 15 14.916694
83 15 -8.68577335
84 15 -1.21840171
85 15 -10.5762518
86 15 -14.8212218
87 15 -44.55629
88 15 13.3680666
89 15 -16.8848162
90 15 -0.905115779
91 15 -3.62066032
92 15 -12.6916605
93 15 -35.7677221
94 15 10.4594975
95 15 -15.9302078
96 15 -0.128143233
97 15 4.36694157
98 15 -10.2615008
99 15 -33.5521711
100 15 9.9542834
101 15 -15.0347959
102 15 2.83463707
103 15 -4.94192941
104 15 -5.84848185
105 15 -27.2309585
106 15 6.69124581
107 15 -25.7628013
108 15 3.05975334
109 15 -5.49550351
110 15 -5.55938821
111 15 -31.6974057
112 15 6.41287592
113 15 -28.5265468
114 15 3.31655257
115 15 -1.62935024
116 15 -7.74439994
117 15 -25.6474127
118 15 6.92693132
119 15 -23.5972721
120 15 3.36101057
121 15 -4.4725207
122 15 -4.10162346
123 15 -25.4568548
124 15 6.14243876
125 15 -25.2965073
126 15 0.637800543
1 16 -74.9246774
2 16 -38.7279267
3 16 247.425718
4 16 -3385.31781
5 16 169.455932
6 16 894.365963
7 16 -69.0360757
8 16 -98.2146987
9 16 291.224111
10 16 -3162.67906
11 16 97.1136941
12 16 738.390448
13 16 39900.8948
14 16 1188145.46
15 16 -1015038.54
16 16 15860991
17 16 14851.479
18 16 271443.874
19 16 -28.3763613
20 16 -522.481641
21 16 362.588777
22 16 -889.976752
23 16 -30.4378046
24 16 -286.637345
25 16 -6.97065554
26 16 -476.91457
27 16 327.120594
28 16 -841.120308
29 16 -34.986182
30 16 -320.788947
31 16 4.17762702
32 16 -371.13213
33 16 238.079873
34 16 -566.409968
35 16 -7.75186988
36 16 -261.961226
37 16 -2.87193646
38 16 -203.191073
39 16 146.096061
40 16 -330.310127
41 16 -9.54910893
42 16 -199.522687
43 16 -2.58888354
44 16 -148.534104
45 16 87.1897752
46 16 -224.327096
47 16 -6.29837567
48 16 -172.342158
49 16 -3.32670169
50 16 -96.0406758
51 16 79.8086049
52 16 -166.895518
53 16 -13.0002863
54 16 -167.174449
55 16 6.70288773
56 16 -87.8208026
57 16 43.6228379
58 16 -96.5098638
59 16 -0.0077720558
60 16 -120.94035
61 16 7.5498946
62 16 -18.7881578
63 16 20.187407
64 16 -30.5531871
65 16 5.1948789
66 16 -41.0150529
67 16 6.07868286
68 16 -8.84637472
69 16 14.0805237
70 16 -16.827295
71 16 6.45042344
72 16 -28.3921409
73 16 2.3595611
74 16 0.0467767074
75 16 13.1894291
76 16 -10.1566087
77 16 3.11696271
78 16 -10.6842852
79 16 4.27528131
80 16 4.76456024
81 16 13.1504388
82 16 -12.8513907
83 16 5.6344344
84 16 -4.39459764
85 16 4.28261614
86 16 6.75194607
87 16 11.6254662
88 16 -10.6768595
89 16 5.58266322
90 16 -0.980833627
91 16 1.61147315
92 16 12.5051325
93 16 8.88691113
94 16 -10.1365612
95 16 3.10612158
96 16 1.75690277
97 16 0.0995841216
98 16 9.05064037
99 16 8.49802245
100 16 -10.2869773
101 16 4.11046787
102 16 -0.84581513
103 16 3.7579776
104 16 -0.137522826
105 16 5.9910064
106 16 -7.53517884
107 16 7.18109075
108 16 -0.189638341
109 16 2.94337799
110 16 1.08951786
111 16 7.20326719
112 16 -6.58060029
113 16 7.71166491
114 16 -0.781637142
115 16 0.0310361722
116 16 8.95841276
117 16 7.84583161
118 16 -8.20071546
119 16 5.49238834
120 16 -3.27635689
121 16 0.870412904
122 16 3.61045445
123 16 7.51399731
124 16 -5.47600542
125 16 6.08110318
126 16 -0.926219223
1 17 -91.9724481
2 17 -17.4629205
3 17 403.686043
4 17 112.166019
5 17 -3947.39531
6 17 319.711725
7 17 -46.4040868
8 17 -20.0810556
9 17 427.733044
10 17 96.1908629
11 17 -3630.28531
12 17 305.047154
13 17 -992400.482
14 17 0.0144523858
15 17 -95989.0964
16 17 14851.479
17 17 16331136.5
18 17 -304162.419
19 17 320.653632
20 17 5.95693538
21 17 27.8485453
22 17 -51.274265
23 17 -1268.94429
24 17 139.547775
25 17 278.918181
26 17 13.4413774
27 17 26.971081
28 17 6.34458074
29 17 -1248.27586
30 17 144.19215
31 17 229.378301
32 17 6.85592755
33 17 155.025274
34 17 28.5157864
35 17 -786.04084
36 17 86.0732002
37 17 85.7030374
38 17 5.04208239
39 17 83.6292056
40 17 29.3928607
41 17 -533.942201
42 17 72.8001389
43 17 53.6311562
44 17 6.41952168
45 17 102.925453
46 17 14.2972035
47 17 -434.156309
48 17 57.4897917
49 17 0.774295532
50 17 9.38917994
51 17 120.326767
52 17 4.1042362
53 17 -394.081923
54 17 48.8235208
55 17 1.72010515
56 17 6.52737017
57 17 125.510968
58 17 25.7452895
59 17 -317.338809
60 17 30.8314636
61 17 -43.2894963
62 17 -1.1046605
63 17 70.2858469
64 17 19.3545206
65 17 -180.134126
66 17 14.979363
67 17 -58.3249745
68 17 -0.789019044
69 17 61.6194025
70 17 16.1200586
71 17 -156.887006
72 17 15.4620827
73 17 -62.411275
74 17 1.92838536
75 17 43.0848151
76 17 5.68131811
77 17 -125.891355
78 17 12.5700418
79 17 -60.3750721
80 17 -0.839576962
81 17 25.7044405
82 17 5.89465153
83 17 -104.536008
84 17 7.75055063
85 17 -50.5551648
86 17 0.501080029
87 17 12.7445051
88 17 3.00506476
89 17 -81.3453677
90 17 8.12572508
91 17 -45.941279
92 17 -0.69647326
93 17 3.72317892
94 17 2.87051275
95 17 -58.367699
96 17 4.92739614
97 17 -34.998023
98 17 -4.39525845
99 17 -8.32250098
100 17 5.59717856
101 17 -43.2509273
102 17 4.23360004
103 17 -17.0798616
104 17 -5.839364
105 17 -18.1899089
106 17 5.53084737
107 17 -33.7737501
108 17 3.538454
109 17 -16.6216996
110 17 -4.95335127
111 17 -24.6327544
112 17 4.87933153
113 17 -37.5433341
114 17 3.68571617
115 17 -10.184888
116 17 -3.78508697
117 17 -24.858113
118 17 4.63400729
119 17 -26.6031352
120 17 1.61908364
121 17 -8.6911456
122 17 -1.51285298
123 17 -23.4116458
124 17 4.32397919
125 17 -26.2670115
126 17 -0.521121132
1 18 -370.289667
2 18 -428.273755
3 18 -25.2509353
4 18 956.539632
5 18 574.77709
6 18 -1401.09911
7 18 -407.877829
8 18 -501.907408
9 18 -10.1699744
10 18 775.822477
11 18 534.475162
12 18 -1362.97869
13 18 1138192.97
14 18 149540.81
15 18 -39900.9093
16 18 271443.874
17 18 -304162.419
18 18 15862291.7
19 18 -463.277298
20 18 -44.2392853
21 18 57.311485
22 18 -441.365215
23 18 74.9815898
24 18 -1169.23748
25 18 -410.095802
26 18 11.521582
27 18 38.9593234
28 18 -458.008479
29 18 63.5640753
30 18 -1090.86773
31 18 -264.412174
32 18 -54.0136887
33 18 -1.35987782
34 18 -180.496057
35 18 43.8902291
36 18 -624.124274
37 18 -146.522637
38 18 21.4419632
39 18 -16.9110092
40 18 -66.6481185
41 18 12.1935067
42 18 -395.868545
43 18 -77.1448444
44 18 -9.35005658
45 18 -13.2738519
46 18 -41.3979895
47 18 6.86941887
48 18 -266.78414
49 18 -71.1513302
50 18 -32.8117975
51 18 -14.0699135
52 18 -35.2756836
53 18 5.13553939
54 18 -239.055344
55 18 -39.2302563
56 18 -37.7569882
57 18 -12.6212221
58 18 -15.4759306
59 18 6.71155089
60 18 -165.100799
61 18 -15.7943549
62 18 -11.6376563
63 18 -8.59502352
64 18 -3.03126278
65 18 4.51838493
66 18 -70.6409444
67 18 -9.14209883
68 18 -12.8536796
69 18 -6.94117212
70 18 1.52297072
71 18 3.12846239
72 18 -56.9890825
73 18 -5.5200647
74 18 -4.08445784
75 18 -7.26449135
76 18 2.93976152
77 18 5.38506437
78 18 -34.6371344
79 18 -6.60375448
80 18 3.84852776
81 18 -5.83609501
82 18 -2.25643051
83 18 3.19016989
84 18 -28.6599107
85 18 -5.85425894
86 18 9.54676744
87 18 -4.77071162
88 18 -4.76470502
89 18 1.69935086
90 18 -19.172222
91 18 -3.04564523
92 18 1.22294684
93 18 -2.64156171
94 18 -0.695895901
95 18 1.30096699
96 18 -13.0579016
97 18 -6.07980253
98 18 -5.31912126
99 18 -1.72331378
100 18 5.17299868
101 18 -1.99604253
102 18 -12.0794395
103 18 -2.37800482
104 18 5.12034098
105 18 -0.593313376
106 18 1.28855143
107 18 -0.202340608
108 18 -8.06925894
109 18 -2.08932348
110 18 9.67693107
111 18 -0.837709815
112 18 -0.0898946155
113 18 0.402153274
114 18 -7.69066509
115 18 -4.068606
116 18 6.75593019
117 18 -1.82335484
118 18 1.33577895
119 18 -0.940524943
120 18 -6.3355453
121 18 -3.25544979
122 18 6.71668938
123 18 -0.830051037
124 18 0.276806539
125 18 -0.42526239
126 18 -5.87518251
1 19 -515.230938
2 19 33.4640207
3 19 -132.669996
4 19 30.601002
5 19 268.598669
6 19 -281.672276
7 19 -544.859146
8 19 -0.833689476
9 19 -129.577262
10 19 14.5218023
11 19 300.602408
12 19 -302.105296
13 19 -746.920697
14 19 -15.5552142
15 19 -117.905599
16 19 -28.3763613
17 19 320.653632
18 19 -463.277298
19 19 15987309.8
20 19 -129599.421
21 19 114174.459
22 19 35258.8249
23 19 -959837.338
24 19 1207761.57
25 19 -1028.62388
26 19 -39.8363985
27 19 -232.13691
28 19 -72.079753
29 19 495.250204
30 19 -652.595231
31 19 -744.37132
32 19 5.9996574
33 19 -255.872301
34 19 -14.3573622
35 19 520.122697
36 19 -471.518907
37 19 -444.06758
38 19 -3.44812468
39 19 -240.864714
40 19 5.52440997
41 19 385.658234
42 19 -287.185176
43 19 -321.754362
44 19 -10.7694164
45 19 -190.008738
46 19 1.77494751
47 19 295.487614
48 19 -178.180705
49 19 -242.69133
50 19 -22.4066868
51 19 -142.243516
52 19 10.5546186
53 19 199.564996
54 19 -145.444785
55 19 -152.858959
56 19 -21.9355025
57 19 -118.502203
58 19 -5.63350521
