# name: debug
# type: sparse matrix
# nnz: 36
# rows: 6
# columns: 6

1 1 -nan
2 1 -nan
3 1 -nan
4 1 -nan
5 1 -nan
6 1 -nan
1 2 -nan
2 2 581965871.163072109
3 2 -nan
4 2 968.317776948
5 2 -nan
6 2 -81.545736090
1 3 -nan
2 3 -nan
3 3 -nan
4 3 -nan
5 3 -nan
6 3 -nan
1 4 -nan
2 4 968.317776948
3 4 -nan
4 4 581946464.180672765
5 4 -nan
6 4 -2.068253678
1 5 -nan
2 5 -nan
3 5 -nan
4 5 -nan
5 5 -nan
6 5 -nan
1 6 -nan
2 6 -81.545736090
3 6 -nan
4 6 -2.068253678
5 6 -nan
6 6 581946411.185132027
