# name: debug
# type: sparse matrix
# nnz: 36
# rows: 6
# columns: 6

1 1 872602.519
2 1 -89078.941
3 1 104889.837
4 1 -470.539882
5 1 16306.6872
6 1 12972.8835
1 2 -89078.941
2 2 1513807.96
3 2 59868.1487
4 2 -18528.0088
5 2 3.72362201
6 2 -3453.83651
1 3 104889.837
2 3 59868.1487
3 3 893335.741
4 3 -13055.9363
5 3 3591.96489
6 3 472.177216
1 4 -470.539882
2 4 -18528.0088
3 4 -13055.9363
4 4 -53945.1782
5 4 -83828.7466
6 4 86726.1666
1 5 16306.6872
2 5 3.72362201
3 5 3591.96489
4 5 -83828.7466
5 5 -631452.921
6 5 -134911.006
1 6 12972.8835
2 6 -3453.83651
3 6 472.177216
4 6 86726.1666
5 6 -134911.006
6 6 -471019.305
