# oST version 5.0 parameters


[image]

width
640

height
480

[narrow_stereo]

camera matrix
314.591705 0.000000 307.228493
0.000000 314.636277 229.737273
0.000000 0.000000 1.000000

distortion
-0.000077 -0.024480 0.001504 -0.000168 0.000000

rectification
1.000000 0.000000 0.000000
0.000000 1.000000 0.000000
0.000000 0.000000 1.000000

projection
305.036957 0.000000 305.245427 0.000000
0.000000 311.947571 230.237362 0.000000
0.000000 0.000000 1.000000 0.000000
